42608135
91265545
15813666
80566839
81557565
33982528
70273091
91680840
14094928
94194770
77852755
31520342
70554717
97780830
82595429
66253418
85789802
57834095
50986098
67716220
40689793
53970571
59125391
40473744
67551377
27340944
58403476
22670999
10770587
44253348
39437989
18899630
99507901
99700930
58361566
56727775
21293791
53768425
37414130
25438460
40174848
55283459
55361294
42437902
73947409
56719647
40140066
45899046
58468648
88220971
52263727
86098737
84514616
26667324
63806788
61878597
30931277
86466382
39709008
25544017
66608466
89568593
68859220
41033055
21171042
86205808
19193713
22278516
29791094
18511223
69706615
49344889
19288442
22850422
44424069
30512015
27570066
61604756
55209367
37897624
93620642
17525155
48766885
24816577
97123777
97498563
35321802
81270219
42739661
11219417
66925529
83057625
38782429
37566435
66034663
13543919
73566704
61910517
62949367
82457597